847 4565
349 1247
1624 4779
49 948
3593 1908
4970 4253
4794 73
4552 2229
3527 2239
1141 1460
78 2512
1349 2591
986 364
341 4088
4011 1894
4284 4108
4405 4761
167 2939
1775 424
2220 4254
3478 2811
874 4102
208 2155
3229 830
4643 442
1405 3044
4744 4568
4353 2671
1950 423
3178 857
728 3505
4086 4218
3258 331
678 2346
1908 534
1204 3051
885 4134
4615 1076
462 3511
3821 3694
3423 4815
4489 3343
2119 199
479 1068
3659 4825
3701 3766
860 3668
2531 4613
4806 2179
1542 923
1030 1126
4754 3409
1141 4290
2385 1758
3698 3713
869 4049
1001 2024
4146 2558
2126 2960
4092 2849
1760 2996
4659 4712
2782 4239
1488 4535
104 3335
4642 2066
882 1631
4020 3361
1794 2959
15 917
1409 3604
623 2332
2261 1341
201 2199
3245 682
1324 3039
3537 1647
1492 1692
1977 4347
47 2484
1418 3707
98 926
803 2130
3166 2256
1594 1012
862 1541
4298 129
3038 338
721 2867
2837 2854
657 4257
1508 1784
3152 2750
3356 60
3541 3340
2652 938
2310 4252
3043 1657
968 3762
4253 2783
3400 2387
4733 4124
4286 1864
4067 4960
3470 1936
2492 4748
3229 3471
3174 1978
4304 4063
4305 2008
807 4987
2359 4377
2971 3029
1823 3466
3880 3861
2632 4775
2234 2055
713 1029
1390 1884
4156 4112
757 2150
4497 2771
1492 4569
2352 2861
2839 2808
1840 1300
857 4393
4150 2798
2409 1103
4382 596
1615 102
3197 3383
4176 2552
758 112
562 2793
3678 565
2128 494
2217 3230
1849 504
3748 1420
2460 1792
215 649
2448 2120
3265 4077
2422 689
2770 2269
4058 901
4547 2199
4787 1231
327 3789
1828 2631
4139 2279
802 3044
137 4597
1538 4639
1150 1273
4643 1148
195 4503
3609 4374
3665 850
3204 4723
1908 1262
2860 3275
3213 2758
4676 3552
3997 3447
4340 1178
1501 754
802 3526
2676 2173
2597 2501
3422 3740
1412 3874
782 3760
4728 2972
4274 985
4418 458
2378 3960
846 2759
2335 3180
3740 1464
4478 1583
3881 2254
4495 1821
1687 4056
697 4383
2517 1941
4493 3533
3550 1165
1657 3896
1903 2235
2959 2760
4114 507
3964 2563
103 3161
37 1189
2980 3252
1459 1535
4430 4181
4659 3026
985 1844
2233 531
4265 2188
4685 1440
3097 2142
534 4472
3527 4043
682 3058
3166 2361
100 4155
20 3751
2525 1674
823 791
3638 32
946 1753
3437 322
2925 4018
2231 3026
271 4954
2521 4546
64 2119
1741 2252
1055 2610
4147 2820
4644 2169
3852 1197
1823 7
161 3386
3561 2676
341 2842
3571 1567
3945 654
3205 3969
3940 1204
753 1044
3203 924
2766 114
325 4497
1884 2953
4918 2070
3452 3149
3490 2461
1421 856
2101 1130
2372 3945
4580 4779
4780 4408
606 3768
2346 3073
4074 790
648 1676
4178 1054
299 1049
125 1874
37 4005
4059 3074
2020 3275
567 3901
1652 4060
4816 1564
88 659
510 492
3965 2249
2006 339
1718 593
964 2606
2651 3674
2157 4538
2648 4751
3297 549
3111 3743
181 4227
3314 3766
1420 2572
157 4963
4961 2391
4749 2103
439 4666
4548 2887
2497 4522
675 2230
770 3999
2522 2928
4292 3038
4924 4391
98 516
427 1756
1074 1179
2131 854
1303 1048
138 3176
722 1237
882 748
1736 3925
2256 2184
3880 4346
2906 480
4535 3624
3584 1460
1005 3930
2613 4419
1299 130
2015 25
4386 1096
2572 262
4083 3662
618 838
4101 1136
2984 2041
1996 2473
3464 1049
3957 1175
3725 11
2966 756
4984 4836
4485 1782
4343 4883
2082 249
2616 2975
3733 1493
4612 2389
1112 3728
3804 1301
1746 3479
3691 2179
4367 2136
4684 1824
3601 811
2774 4811
4752 4692
26 387
2871 867
4037 1091
4361 2966
316 1461
1325 3756
3867 4839
324 83
1698 2592
2748 978
147 1281
3783 137
563 1537
1787 4085
1036 747
1527 3398
2083 3967
57 2056
4533 2055
1238 3184
3753 3934
2093 3947
522 867
850 1896
2672 2925
1825 797
4574 1150
2229 3513
1878 254
1971 2797
3669 179
4630 2407
4600 2085
1618 3180
1088 225
1914 2423
4285 4639
4465 4664
3396 1290
4989 908
1554 3595
200 3884
4253 3850
4503 3293
3399 4858
4245 1614
4831 2226
3779 4707
992 599
4413 1792
2352 4897
2025 300
1024 3356
4073 4796
1010 1670
2240 2495
1481 2641
2026 3278
4703 2246
3192 3025
2315 1138
4085 2089
3682 2325
3099 2393
4632 3638
3685 3258
1600 3262
241 4880
3008 1750
2429 940
5000 1704
2053 4775
3719 3856
1609 4270
4166 1192
2420 356
776 679
3020 4910
746 3860
4104 3217
1429 4601
2394 4398
616 2238
1664 4828
2621 3887
196 89
2782 2388
4436 693
1262 2927
350 3950
2409 1393
2130 4802
3182 4302
4321 2897
3862 3471
2871 3464
4222 686
4429 555
2421 4387
2493 2533
180 2222
1687 903
2470 68
2521 2929
2922 3167
797 3278
3148 866
4878 2530
3944 2184
4289 1121
1263 1282
4407 4890
2667 202
3570 1302
4308 1530
25 414
4822 526
540 3457
4887 1995
382 4797
1685 3085
180 2323
3376 2944
3700 4807
1931 1764
4426 4398
4353 4473
2421 125
2205 74
3686 2794
3522 3295
4754 3685
371 1050
2732 3662
519 3523
47 150
3237 2737
637 4916
555 1623
2026 4213
1055 4845
3303 977
1636 3260
4866 4476
4902 1793
1255 1094
4708 2966
706 3231
2627 3172
3702 1557
4875 1697
587 1049
1515 2535
3170 557
3611 2379
8 2369
1772 3858
3537 1743
1910 1269
1191 1163
4153 4051
1048 1402
3175 1356
142 2644
1700 4877
2676 3014
2919 4677
3007 330
4657 3211
3930 3045
3869 185
3625 566
2571 1676
4409 2827
4740 2673
4126 3845
1236 2981
716 2173
4048 784
906 1994
4357 107
669 1412
3808 957
2912 1952
660 91
2072 666
155 1722
245 3767
4148 785
3053 4795
1253 3828
3981 3412
2555 3898
1993 1625
4733 1334
1139 4550
1970 4616
3122 1135
960 3170
939 1967
3754 1551
3542 1583
785 466
4780 1716
866 1630
2669 4018
2852 4565
4790 242
813 2396
3184 2953
1379 4319
91 424
3969 1747
3863 3879
1830 2123
4233 3563
2396 3725
2596 1282
1824 4495
190 1866
3394 1891
671 27
2606 4468
4955 3187
3343 4018
2695 1946
4878 1302
308 1665
2123 4519
1202 2687
1952 2801
1625 1174
4883 3948
4614 4011
4529 406
58 3286
2446 4465
1506 804
2535 419
1663 3645
1093 4611
3443 4159
2409 3481
4614 100
705 1310
4416 1306
621 527
433 4524
1913 1187
1222 2995
1363 241
5 3635
4596 3662
3062 2407
194 761
1941 3107
1320 994
3134 3761
1682 2483
3242 873
667 4546
661 4368
49 2434
1610 455
2442 2345
682 3482
1716 4101
1194 1937
4893 3015
1940 3866
2126 3037
1007 169
528 204
2322 2181
1074 2997
2463 3507
4684 2714
949 855
425 2010
4021 153
248 2028
1817 3100
4185 3176
1899 2411
1342 685
1835 2499
4051 820
1652 2463
4712 3929
4322 4672
3656 3501
1850 4960
619 3903
4381 417
3544 3177
1328 3460
1133 528
2685 1666
184 436
2556 2994
898 3426
1412 2398
642 175
3220 2080
321 90
2233 4649
2248 1807
200 804
1456 1823
1579 3167
3707 3772
3685 1315
1155 4523
1547 3751
1870 1569
4673 3738
2191 1474
3712 2365
1124 3035
3745 1405
940 1200
4604 1619
1991 1536
315 4955
430 3460
2820 261
2194 3902
3918 2
261 2105