1259 1685
4457 2753
4890 2960
3758 3481
3379 774
1632 1928
652 4817
2661 918
613 3445
4691 1379
762 2629
1203 3873
237 4395
4246 2920
4287 2308
3671 2005
4742 811
1000 230
2816 1433
1835 1033
1932 674
3227 1874
3461 4340
1269 1641
762 1710
636 1419
2967 1914
3234 3310
2887 4638
3260 1583
4365 3986
3928 1586
707 957
4627 4374
950 1927
372 3915
3615 4780
3586 837
2886 4911
1289 1036
33 4054
2586 1844
3384 2154
3618 3584
968 914
717 171
1806 1589
2183 490
1680 2369
4985 1686
2916 3166
1988 1172
4502 2505
1775 2335
2021 2327
3630 3518
4179 2055
4495 482
4710 3255
794 533
3514 765
711 3835
1844 1254
1473 1886
1795 2666
2185 23
4392 3612
227 3952
414 134
1579 1159
1650 2819
2098 4977
4260 657
4187 2369
447 4748
2760 4324
4538 2883
2318 450
3776 3245
838 949
2521 1968
4890 4224
1598 3130
3678 4101
2153 2897
4404 580
2400 2946
1221 884
2704 3903
3045 3148
865 2005
4265 3310
1216 133
4798 1261
4501 1876
2360 1371
4331 4302
3195 3564
2608 1874
3888 1803
4338 2119
2487 4999
2940 4865
437 4003
3997 3560
2352 4416
2627 2314
4882 1495
925 4212
894 4215
2220 1411
2447 1062
3413 4537
2593 1435
1037 4529
1931 4032
2494 1486
3286 3596
2358 1337
4582 4343
108 3913
4929 2774
3230 1749
3059 3715
4785 1094
4492 314
4691 2309
578 2102
3485 3717
2252 2022
2285 1350
624 1178
4459 4873
4113 3659
3892 2051
90 2369
336 398
1744 4169
3957 1303
982 1676
2385 2721
3586 1750
3155 4604
1020 3788
3227 3041
2369 3976
684 3128
304 2620
1332 2503
1316 3861
1143 2096
676 3312
4858 2136
3560 2944
1360 3560
2974 3186
3081 2974
1171 285
4953 4250
2149 780
1650 2639
2351 2518
134 3438
3317 4092
1631 4811
1561 4070
1474 3995
1323 2066
3768 2923
394 4742
4627 4338
1990 1217
1666 1458
2641 1995
2125 1445
155 4183
1331 3304
4773 2945
1585 3923
4421 3165
4487 406
3588 3476
858 47
4271 1009
1364 4246
4361 1391
730 2288
4529 2152
2183 3938
2397 1906
411 2380
3305 718
4142 1094
1022 60
301 2737
1861 3878
1640 4039
4317 2451
4903 3709
1220 1497
4131 4852
4181 4557
4743 258
2104 2037
1028 71
29 4581
2495 495
4346 3590
3471 1069
473 1041
3156 4684
1939 4303
2275 3811
2893 2707
2716 2112
2217 3139
2686 4663
1553 539
2493 1093
2059 3631
2376 3282
3151 3866
1412 1395
2916 3614
2689 4225
4904 513
3198 3580
1431 2818
1933 4428
2374 2753
923 4961
500 4000
3228 1776
1601 3448
4214 2735
4941 3756
2157 4847
3327 703
1431 4535
2507 957
3400 3821
4081 270
175 1155
1027 62
2786 4240
2482 4266
3686 810
4004 1391
3597 3187
2278 197
1900 1262
1304 3887
2790 2327
992 2696
199 1095
330 4756
3761 3920
1231 4835
733 839
3076 2444
3113 3015
1063 829
87 764
1368 2399
2245 3819
1623 2725
2149 2782
4001 3220
2882 4814
484 1928
4413 1429
159 1036
1178 2094
3675 2891
1309 4575
2887 1269
419 4868
1994 3737
946 2947
1258 4614
3271 3575
1107 3374
80 761
446 4517
4870 4976
1831 2907
673 1618
3417 4581
2420 4190
1995 868
676 174
391 1126
2711 4393
2916 1137
3565 3655
588 4389
2012 4614
1678 4607
1065 3530
4731 1877
4284 4971
1566 3430
1365 432
2858 2920
1435 3546
2518 4587
150 4077
705 4573
4656 191
2481 2117
2686 508
3212 2717
3754 3569
3416 2030
228 2343
753 2774
25 4319
1748 3473
565 2731
3186 1177
2575 3616
1913 3820
617 1386
3412 464
96 4362
1423 3734
4052 72
965 4127
2172 3145
2427 3212
1477 2853
543 2942
2538 4445
1840 651
1684 336
3723 4038
4458 3528
1996 651
563 838
2700 4527
1180 1362
324 387
2047 599
4064 3233
4298 530
2391 4362
3613 811
4442 2470
1853 104
1840 4597
1371 3322
3727 3222
4064 2994
3979 3328
3000 2143
2478 3116
2496 1835
3715 381
139 4575
629 3184
3845 742
4858 121
3525 1858
913 961
909 1836
4735 4411
1241 1410
776 1278
870 4585
1623 1314
4153 3906
1545 3474
1578 2525
587 4206
3549 2815
4854 3857
2792 2781
3877 4862
1225 2090
3443 4323
2381 4639
1612 3149
3300 3959
200 4361
1703 4396
2421 4051
1850 3425
3541 606
4477 4785
2963 3947
1660 3370
3787 3143
2110 771
3018 336
3545 1520
536 3351
550 577
2882 2243
1058 1666
4839 3568
3050 587
3306 1597
2059 3069
981 1680
4659 2529
1092 4384
2505 4136
1683 4471
3972 492
4975 2052
295 1161
1273 4194
2493 1857
4106 1647
4821 3635
1536 4400
1642 786
893 677
3950 1003
2150 4985
4260 3300
3134 4659
1455 312
2784 405
1015 2690
2943 2323
4807 3922
1028 1669
2603 4054
4682 257
4811 503
220 2687
4210 2159
978 4940
97 3144
4495 23
2632 810
108 646
2806 3188
2675 3015
4727 632
828 4746
4718 3984
1039 3981
1650 1033
2240 3124
1273 2054
4145 1863
2063 3672
1844 4023
4912 233
1634 131
291 2216
158 62
4969 1780
661 3369
1943 4012
4359 3160
3057 1756
1084 2361
1642 112
4286 2482
2678 4088
4197 2811
530 1353
4777 281
3116 3902
4308 4429
735 4923
3599 428
947 3140
2963 1712
4545 1386
1550 3214
3332 4044
1477 4658
14 1712
2769 2921
3722 2782
627 134
2408 598
4222 3990
2047 901
4758 3202
3612 3952
1735 3027
4758 1325
4186 1677
499 2035
2885 711
414 568
2339 1426
4446 1560
162 2773
3372 737
1653 3056
4880 4889
4694 2354
501 2145
4413 140
1379 3414
960 1851
3228 2707
2543 1857
1249 3443
2926 1208
4871 4667
4729 205
4974 1835
4928 4867
3905 4717
2482 3320
4850 2887
3032 4678
4796 2690
3431 1370
532 546
4489 1636
4777 899
3479 2167
2344 2697
2009 3340
1956 1710
1796 3151
371 4411
4670 4705
93 3047
1587 1011
4124 2602
158 4168
2466 3302
2306 905
2545 1789
3593 2414
382 3983
670 3688
1346 4463
136 3460
1143 1414
735 4145
3983 90
1330 402
3440 734
4128 2844
4443 3361
1359 3540
2512 4622
4291 2438
2546 4559
4704 4318
3751 4740
1074 2929
3462 1190
1679 3856
657 824
1940 3194
3345 1820
3791 284